# Layer: conv1
# Kernel shape: (5, 1, 32)
# Total weights: 160
# Format: signed int8 decimal (one per line)
# Feed these as my_weight to SV neuron serially
#
20
-24
-64
-4
12
-17
-6
-9
-37
-6
16
-1
34
-15
-115
-9
-4
27
1
23
10
-21
8
20
-18
15
20
24
-46
27
21
12
-17
-5
0
28
35
18
28
-15
-26
28
-28
7
1
-26
-48
31
7
-16
2
-5
-35
-23
17
-19
18
34
21
13
-7
-21
-47
5
19
-19
34
-19
-3
29
-47
-29
13
-1
-35
12
-20
-34
-31
-47
24
13
-34
36
-21
-23
6
-37
19
2
11
11
10
1
15
-15
-20
10
-18
-42
-34
1
34
9
27
-18
14
-1
-4
4
33
37
-10
22
-22
-35
25
15
-61
54
-49
-24
-47
10
28
32
28
14
16
39
18
36
-20
-36
-9
45
24
24
33
7
-53
46
-25
-12
3
-47
45
-20
21
45
10
-21
29
-32
-8
-45
14
-23
-21
-127
